Input Matrices:   # Feature matrix: 32 items with 100 features each
X (Feature Matrix):
tensor([[ 0.8217, -1.3889, -0.1698,  ...,  1.6526, -0.7987, -0.4292],
        [ 0.3040,  0.1052,  0.7079,  ..., -0.6810,  1.0408, -1.7059],
        [ 2.7426,  0.8539, -1.1221,  ...,  0.4911, -0.9848,  0.9436],
        ...,
        [-0.8108, -0.9887,  0.8456,  ...,  0.1466, -0.4796, -1.5130],
        [-0.2208,  0.3857,  0.2669,  ...,  0.0666,  0.9797, -1.1187],
        [-1.0453, -0.2746,  0.7747,  ..., -0.4056, -0.1102, -1.5040]])

A (Adjacency Matrix):      # Adjacency matrix: representing item-item interactions
tensor([[0., 0., 0.,  ..., 0., 0., 1.],
        [0., 0., 0.,  ..., 1., 0., 1.],
        [0., 0., 0.,  ..., 0., 1., 1.],
        ...,
        [0., 1., 0.,  ..., 0., 1., 0.],
        [0., 0., 1.,  ..., 1., 0., 0.],
        [1., 1., 1.,  ..., 0., 0., 0.]])

G (Graph Metrics):  # Graph metrics matrix: 10 different graph metrics per item
tensor([[ 3.4533e-01, -2.3784e-01,  1.8937e+00,  5.3469e-02,  1.0443e+00,
         -7.0996e-01, -2.8567e+00, -7.1003e-01,  1.1038e+00,  1.4617e+00],
        [-5.4137e-01, -7.7387e-01,  9.6649e-01, -7.4574e-01, -4.7522e-02,
          1.5270e+00,  7.1109e-01,  1.0204e+00,  8.2379e-01,  1.4644e+00],
        [-5.6337e-01,  6.9893e-01, -3.6295e-01, -4.4559e-01,  4.3359e-01,
         -1.1325e+00,  3.5207e-01, -5.5376e-01, -3.5657e-01,  1.4347e+00],
        [-1.0901e+00,  1.8797e-01, -2.4147e-01,  1.3488e+00, -9.2667e-02,
          1.5561e-01,  1.0394e+00,  1.7350e-02, -1.1216e+00, -5.2860e-01],
        [ 1.8044e+00,  1.5809e+00,  5.3645e-01, -2.4235e-01, -5.0423e-01,
          1.4569e-02, -1.3267e-01,  3.8706e-01,  1.1808e+00, -1.4292e-01],
        [ 4.0586e-01,  1.3333e+00,  7.1263e-01,  1.8881e+00,  3.5706e-02,
          1.2319e+00,  5.2567e-01,  5.6895e-01,  1.4032e+00,  5.3684e-01],
        [-2.7396e-01, -1.1165e-01, -1.0666e+00, -1.0082e+00,  1.4322e+00,
         -3.8765e-02, -9.5667e-01, -4.3548e-01,  8.1479e-01, -1.0797e+00],
        [-4.4351e-01, -1.4068e-01, -3.3752e-01, -1.0826e+00,  8.5435e-01,
         -5.7241e-01,  4.1628e-01, -8.7386e-01,  6.6248e-01,  7.5018e-01],
        [ 1.6385e+00,  1.5153e+00,  5.7487e-01, -2.6910e-01,  1.2596e+00,
         -1.0242e+00,  5.1790e-02, -2.9029e-01,  9.4886e-01, -1.5067e+00],
        [ 7.9325e-02, -3.4425e-01, -1.3331e+00,  1.7798e-01, -9.4470e-01,
         -1.2793e+00, -1.8173e-01,  1.4056e+00, -6.7924e-01, -1.9514e-02],
        [ 1.9861e+00,  1.6401e-01,  7.9701e-01, -1.8985e+00,  7.4882e-01,
          6.1316e-01, -6.4598e-02,  4.0986e-01, -1.1393e+00,  1.9957e+00],
        [-7.0617e-01, -5.4588e-01, -1.6196e+00, -6.2825e-01, -3.7207e-01,
          1.1886e+00, -1.0544e+00, -1.5799e-01,  1.1854e+00, -6.7277e-02],
        [ 8.6572e-01, -8.6990e-01,  1.7281e-01,  1.8214e+00,  6.4261e-01,
         -6.0006e-01,  6.6700e-01, -1.8951e+00,  4.3040e-01,  1.8356e-01],
        [ 4.8524e-01, -9.5350e-01, -9.4013e-01,  5.2425e-01, -1.3952e+00,
          5.1174e-01,  1.3190e+00,  7.6136e-01, -2.9776e-01,  1.6047e+00],
        [-2.6248e-01,  3.5247e-01, -3.7975e-01,  1.1573e+00,  2.2522e-01,
         -1.8101e-01,  6.7619e-01,  4.4083e-02, -8.1816e-01, -1.4461e+00],
        [-1.3163e-01,  1.5870e+00, -3.9017e-01, -1.0484e+00,  4.5572e-01,
          4.7370e-01,  1.7258e+00,  1.2221e+00,  1.8459e+00,  2.9330e-01],
        [ 9.3655e-02,  1.8679e-01, -4.6571e-01,  6.7354e-01,  1.0661e+00,
          8.7852e-02,  7.2079e-01,  6.6814e-01, -9.4719e-02,  7.6703e-01],
        [-6.2188e-01, -1.2684e+00, -3.1701e-01, -5.6809e-01, -7.7007e-01,
          1.6796e+00,  1.2903e+00,  6.3361e-01, -7.9516e-01,  2.1280e-01],
        [ 3.9902e-01, -6.6613e-01, -9.3155e-01,  8.0613e-01, -2.6887e-01,
         -1.5952e-01,  4.8578e-01, -4.7683e-01,  2.4365e-01,  3.6567e-01],
        [ 6.9068e-01, -1.2856e+00, -1.2986e-02,  1.7232e+00,  3.7295e-01,
         -6.1569e-01,  6.0027e-02, -1.9770e+00,  9.9561e-01, -1.5859e+00],
        [ 1.6438e-01,  1.3304e+00, -2.8618e-01, -8.6115e-01,  2.4392e-01,
         -1.0308e+00,  4.4150e-01, -1.2510e-01,  8.8256e-01,  1.2845e+00],
        [ 8.5971e-01,  2.9016e-02, -8.1250e-01,  8.9451e-04,  1.2614e+00,
          4.9677e-01,  9.7888e-01, -1.2347e+00,  1.1644e+00, -3.4650e-01],
        [ 1.6198e+00,  7.2313e-01, -2.0954e+00, -7.3019e-01, -1.4982e+00,
         -8.3554e-01,  6.8175e-01,  1.5816e+00, -7.9662e-01,  7.2343e-01],
        [-6.4173e-02, -7.9121e-02, -4.0516e-01, -4.8852e-01,  2.8192e-01,
         -1.3806e+00,  7.0813e-01,  1.7650e-01,  1.7742e+00,  1.5212e+00],
        [ 6.1297e-01, -1.7071e+00,  5.4066e-01,  1.3853e+00, -1.4977e+00,
          1.2534e+00, -6.9497e-01,  7.0590e-01, -1.3018e+00, -9.2962e-01],
        [-2.3372e-01,  1.9994e-02,  3.9073e-01, -8.1449e-01,  1.6192e-01,
          8.8908e-01,  2.3578e-01, -1.0064e+00, -4.9078e-01, -1.0485e+00],
        [ 2.8435e-01,  1.5989e+00, -1.7343e+00, -5.4095e-01,  5.5997e-01,
         -2.0339e+00, -5.3303e-02, -4.6913e-01,  1.8472e-01, -1.4981e+00],
        [ 5.1551e-01,  1.4683e+00,  1.2262e+00,  2.3358e+00,  5.9708e-01,
          2.7612e-02, -1.7359e+00,  6.8671e-01, -1.3788e-01, -2.4263e-01],
        [ 9.8184e-01,  6.5152e-01,  6.0735e-01, -4.4678e-01, -1.0186e+00,
          1.5801e-02, -4.4022e-01,  6.5437e-01,  1.7381e+00, -9.6997e-01],
        [ 1.7146e+00, -2.2169e+00, -7.1159e-01, -6.0968e-01, -1.2344e+00,
         -6.9451e-01,  7.0058e-01,  7.2241e-01, -3.2526e-01, -9.8459e-01],
        [-1.6997e+00, -6.7144e-01,  9.3364e-01,  6.1960e-01,  1.5239e+00,
         -1.7737e-01, -5.5023e-01, -4.3793e-01, -3.0423e-01,  1.4422e+00],
        [-7.8337e-01,  5.6336e-01,  7.4241e-01,  2.2627e+00,  1.0657e-01,
         -6.8452e-01,  8.1436e-01, -3.7133e-01, -6.1505e-01,  8.1842e-01]])

W (Weight Matrix):  # Weight matrix: importance weights between items
tensor([[-0.0144,  2.7249, -1.3144,  ..., -0.3961, -0.8624,  0.0899],
        [-0.1936, -1.4774, -0.1005,  ...,  2.3141, -0.5181,  1.2449],
        [-0.1704, -0.6190,  0.3891,  ..., -0.0387,  0.0712,  0.4073],
        ...,
        [ 0.4960, -1.6134, -1.4306,  ..., -0.3567, -0.4955,  0.4092],
        [ 1.0180,  1.9418, -0.7427,  ...,  1.0228, -0.4037,  0.5940],
        [ 0.8045,  0.6147, -0.8903,  ...,  0.7439, -1.1723, -0.7472]])


=== SCORING PHASE ===

1.A Direct Score:
tensor([[ -1.6481,  -6.6467,   3.4694,  ...,  -1.1262,   7.2792,   3.3433],
        [  0.4324,  -7.2657,   2.4177,  ...,  -6.0108,   4.8298,   1.3320],
        [  1.2371,  -5.8137,   2.4959,  ...,  -7.2183,   3.2094,  -0.6608],
        ...,
        [  0.9284,  -2.5415,   1.4632,  ...,   0.9573,   7.0307,  -0.6058],
        [  0.4787, -10.5169,  -2.2736,  ...,  -6.4583,   0.5188,   0.7435],
        [  3.4064,  -6.9978,   2.8214,  ...,   0.1356,   2.1197,   0.4856]])

1.B Neighbourhood Similarity (Jaccard):
tensor([[1.0000, 0.4167, 0.4348,  ..., 0.2609, 0.2692, 0.3200],
        [0.4167, 1.0000, 0.5217,  ..., 0.2400, 0.5217, 0.4000],
        [0.4348, 0.5217, 1.0000,  ..., 0.4286, 0.3600, 0.3600],
        ...,
        [0.2609, 0.2400, 0.4286,  ..., 1.0000, 0.1538, 0.2500],
        [0.2692, 0.5217, 0.3600,  ..., 0.1538, 1.0000, 0.4167],
        [0.3200, 0.4000, 0.3600,  ..., 0.2500, 0.4167, 1.0000]])

1.C Graph Metrics:
tensor([[ 3.4533e-01, -2.3784e-01,  1.8937e+00,  5.3469e-02,  1.0443e+00,
         -7.0996e-01, -2.8567e+00, -7.1003e-01,  1.1038e+00,  1.4617e+00],
        [-5.4137e-01, -7.7387e-01,  9.6649e-01, -7.4574e-01, -4.7522e-02,
          1.5270e+00,  7.1109e-01,  1.0204e+00,  8.2379e-01,  1.4644e+00],
        [-5.6337e-01,  6.9893e-01, -3.6295e-01, -4.4559e-01,  4.3359e-01,
         -1.1325e+00,  3.5207e-01, -5.5376e-01, -3.5657e-01,  1.4347e+00],
        [-1.0901e+00,  1.8797e-01, -2.4147e-01,  1.3488e+00, -9.2667e-02,
          1.5561e-01,  1.0394e+00,  1.7350e-02, -1.1216e+00, -5.2860e-01],
        [ 1.8044e+00,  1.5809e+00,  5.3645e-01, -2.4235e-01, -5.0423e-01,
          1.4569e-02, -1.3267e-01,  3.8706e-01,  1.1808e+00, -1.4292e-01],
        [ 4.0586e-01,  1.3333e+00,  7.1263e-01,  1.8881e+00,  3.5706e-02,
          1.2319e+00,  5.2567e-01,  5.6895e-01,  1.4032e+00,  5.3684e-01],
        [-2.7396e-01, -1.1165e-01, -1.0666e+00, -1.0082e+00,  1.4322e+00,
         -3.8765e-02, -9.5667e-01, -4.3548e-01,  8.1479e-01, -1.0797e+00],
        [-4.4351e-01, -1.4068e-01, -3.3752e-01, -1.0826e+00,  8.5435e-01,
         -5.7241e-01,  4.1628e-01, -8.7386e-01,  6.6248e-01,  7.5018e-01],
        [ 1.6385e+00,  1.5153e+00,  5.7487e-01, -2.6910e-01,  1.2596e+00,
         -1.0242e+00,  5.1790e-02, -2.9029e-01,  9.4886e-01, -1.5067e+00],
        [ 7.9325e-02, -3.4425e-01, -1.3331e+00,  1.7798e-01, -9.4470e-01,
         -1.2793e+00, -1.8173e-01,  1.4056e+00, -6.7924e-01, -1.9514e-02],
        [ 1.9861e+00,  1.6401e-01,  7.9701e-01, -1.8985e+00,  7.4882e-01,
          6.1316e-01, -6.4598e-02,  4.0986e-01, -1.1393e+00,  1.9957e+00],
        [-7.0617e-01, -5.4588e-01, -1.6196e+00, -6.2825e-01, -3.7207e-01,
          1.1886e+00, -1.0544e+00, -1.5799e-01,  1.1854e+00, -6.7277e-02],
        [ 8.6572e-01, -8.6990e-01,  1.7281e-01,  1.8214e+00,  6.4261e-01,
         -6.0006e-01,  6.6700e-01, -1.8951e+00,  4.3040e-01,  1.8356e-01],
        [ 4.8524e-01, -9.5350e-01, -9.4013e-01,  5.2425e-01, -1.3952e+00,
          5.1174e-01,  1.3190e+00,  7.6136e-01, -2.9776e-01,  1.6047e+00],
        [-2.6248e-01,  3.5247e-01, -3.7975e-01,  1.1573e+00,  2.2522e-01,
         -1.8101e-01,  6.7619e-01,  4.4083e-02, -8.1816e-01, -1.4461e+00],
        [-1.3163e-01,  1.5870e+00, -3.9017e-01, -1.0484e+00,  4.5572e-01,
          4.7370e-01,  1.7258e+00,  1.2221e+00,  1.8459e+00,  2.9330e-01],
        [ 9.3655e-02,  1.8679e-01, -4.6571e-01,  6.7354e-01,  1.0661e+00,
          8.7852e-02,  7.2079e-01,  6.6814e-01, -9.4719e-02,  7.6703e-01],
        [-6.2188e-01, -1.2684e+00, -3.1701e-01, -5.6809e-01, -7.7007e-01,
          1.6796e+00,  1.2903e+00,  6.3361e-01, -7.9516e-01,  2.1280e-01],
        [ 3.9902e-01, -6.6613e-01, -9.3155e-01,  8.0613e-01, -2.6887e-01,
         -1.5952e-01,  4.8578e-01, -4.7683e-01,  2.4365e-01,  3.6567e-01],
        [ 6.9068e-01, -1.2856e+00, -1.2986e-02,  1.7232e+00,  3.7295e-01,
         -6.1569e-01,  6.0027e-02, -1.9770e+00,  9.9561e-01, -1.5859e+00],
        [ 1.6438e-01,  1.3304e+00, -2.8618e-01, -8.6115e-01,  2.4392e-01,
         -1.0308e+00,  4.4150e-01, -1.2510e-01,  8.8256e-01,  1.2845e+00],
        [ 8.5971e-01,  2.9016e-02, -8.1250e-01,  8.9451e-04,  1.2614e+00,
          4.9677e-01,  9.7888e-01, -1.2347e+00,  1.1644e+00, -3.4650e-01],
        [ 1.6198e+00,  7.2313e-01, -2.0954e+00, -7.3019e-01, -1.4982e+00,
         -8.3554e-01,  6.8175e-01,  1.5816e+00, -7.9662e-01,  7.2343e-01],
        [-6.4173e-02, -7.9121e-02, -4.0516e-01, -4.8852e-01,  2.8192e-01,
         -1.3806e+00,  7.0813e-01,  1.7650e-01,  1.7742e+00,  1.5212e+00],
        [ 6.1297e-01, -1.7071e+00,  5.4066e-01,  1.3853e+00, -1.4977e+00,
          1.2534e+00, -6.9497e-01,  7.0590e-01, -1.3018e+00, -9.2962e-01],
        [-2.3372e-01,  1.9994e-02,  3.9073e-01, -8.1449e-01,  1.6192e-01,
          8.8908e-01,  2.3578e-01, -1.0064e+00, -4.9078e-01, -1.0485e+00],
        [ 2.8435e-01,  1.5989e+00, -1.7343e+00, -5.4095e-01,  5.5997e-01,
         -2.0339e+00, -5.3303e-02, -4.6913e-01,  1.8472e-01, -1.4981e+00],
        [ 5.1551e-01,  1.4683e+00,  1.2262e+00,  2.3358e+00,  5.9708e-01,
          2.7612e-02, -1.7359e+00,  6.8671e-01, -1.3788e-01, -2.4263e-01],
        [ 9.8184e-01,  6.5152e-01,  6.0735e-01, -4.4678e-01, -1.0186e+00,
          1.5801e-02, -4.4022e-01,  6.5437e-01,  1.7381e+00, -9.6997e-01],
        [ 1.7146e+00, -2.2169e+00, -7.1159e-01, -6.0968e-01, -1.2344e+00,
         -6.9451e-01,  7.0058e-01,  7.2241e-01, -3.2526e-01, -9.8459e-01],
        [-1.6997e+00, -6.7144e-01,  9.3364e-01,  6.1960e-01,  1.5239e+00,
         -1.7737e-01, -5.5023e-01, -4.3793e-01, -3.0423e-01,  1.4422e+00],
        [-7.8337e-01,  5.6336e-01,  7.4241e-01,  2.2627e+00,  1.0657e-01,
         -6.8452e-01,  8.1436e-01, -3.7133e-01, -6.1505e-01,  8.1842e-01]])

1.D Final DNG Scores:
tensor([[ -1.6481,  -6.6467,   3.4694,  ...,  -0.7100,   1.1038,   1.4617],
        [  0.4324,  -7.2657,   2.4177,  ...,   1.0204,   0.8238,   1.4644],
        [  1.2371,  -5.8137,   2.4959,  ...,  -0.5538,  -0.3566,   1.4347],
        ...,
        [  0.9284,  -2.5415,   1.4632,  ...,   0.7224,  -0.3253,  -0.9846],
        [  0.4787, -10.5169,  -2.2736,  ...,  -0.4379,  -0.3042,   1.4422],
        [  3.4064,  -6.9978,   2.8214,  ...,  -0.3713,  -0.6150,   0.8184]])


=== TRANSFORMER PHASE ===

2.A Linear Projection [Combined Projection] :
tensor([[-6.2685, -2.0074,  1.7389,  ...,  1.4076, -1.1589, -7.8157],
        [ 2.6360,  0.5326, -0.4613,  ...,  2.2339, -1.9392, -1.6083],
        [-0.9750,  0.1241, -1.5387,  ...,  8.3583, -4.2875,  3.5962],
        ...,
        [-3.1172,  0.1270, -1.1946,  ..., -1.2432,  3.1854,  3.5978],
        [-5.1656, -0.4182,  0.9951,  ...,  2.3171, -0.6211, -4.4772],
        [-7.9949, -0.4746, -2.8795,  ..., -5.2587,  0.9595, -3.7685]],
       grad_fn=<AddBackward0>)

2.B Transformer Encoder via Transformer Output:
tensor([[-0.9217,  0.5564,  0.8522,  ...,  0.9710, -0.8713, -0.5534],
        [ 1.1525,  0.0654, -0.3018,  ..., -0.6166, -0.5041, -1.9223],
        [-1.0239, -0.1943,  0.7670,  ...,  2.3765, -1.1177,  1.5560],
        ...,
        [-1.5564,  1.4664,  0.3730,  ...,  0.1909, -0.6493,  1.4368],
        [-1.8105,  0.7873,  0.4132,  ...,  0.7162, -1.1761, -0.5856],
        [-2.1330,  0.5492, -0.4513,  ..., -0.4384,  0.0766, -0.5903]],
       grad_fn=<SqueezeBackward1>)

 2.C Element-wise Addition via Final Combined Representation:
tensor([[-3.4698, -1.5689,  0.8194,  ...,  2.5591, -1.2867, -0.7202],
        [-1.4133, -3.5377, -0.9494,  ..., -0.6397, -2.5449, -3.5915],
        [-3.0668, -1.8296, -0.3568,  ...,  4.4590, -2.4826,  2.6880],
        ...,
        [-3.0892, -0.5674, -0.0501,  ...,  3.6714, -1.6851,  2.5121],
        [-4.6429, -0.9404,  1.4487,  ...,  0.2096, -2.8104, -1.7267],
        [-4.0561, -1.3985, -0.9972,  ...,  2.0192, -1.3231, -0.1276]],
       grad_fn=<AddBackward0>)

2.D Final Output:
tensor([[ 1.6966e+00, -8.1892e-01,  1.9417e+00,  4.3171e-01,  3.7239e-01,
          1.5458e+00,  2.8966e-01, -2.5728e-01, -6.6914e-01,  3.0084e-01],
        [ 6.1794e-01, -1.8154e-01,  2.3910e+00, -8.6109e-01, -5.6332e-04,
          1.0547e+00, -4.8621e-02,  3.2371e-01, -2.4089e+00,  1.3285e+00],
        [ 2.9905e-01, -5.1860e-01,  1.4747e+00, -7.1828e-01,  5.0030e-01,
          1.8336e+00,  5.4854e-01,  1.1102e-01, -1.8698e+00,  8.9035e-01],
        [ 1.1960e+00, -5.6820e-01,  2.4041e+00,  3.6011e-01, -5.3655e-01,
          3.4335e-03,  7.9291e-01,  1.5993e+00, -1.8435e+00, -2.5191e-01],
        [ 3.3053e-01, -2.2930e-01,  1.1389e+00, -3.2669e-01,  1.5047e+00,
          8.9180e-01,  2.5589e-01,  1.1898e-01, -1.3672e+00,  2.2023e+00],
        [ 1.3855e+00, -3.0958e-01,  1.7754e+00, -1.0507e+00,  6.0056e-01,
          4.7125e-01, -1.8509e-01, -7.8967e-01, -1.3987e+00,  7.4018e-01],
        [ 9.2477e-01, -5.4027e-01,  1.2722e+00, -4.4795e-01, -1.6513e-01,
          3.8037e-01,  4.0854e-01,  5.3437e-01, -1.7145e+00,  2.0764e-01],
        [ 1.2680e+00,  1.9790e-03,  1.0562e+00, -4.3244e-02,  2.7786e-01,
         -4.3966e-01,  3.4646e-01,  5.9773e-01, -1.8668e+00,  3.7937e-01],
        [ 4.5881e-01, -1.0616e-01,  1.7388e+00, -1.1244e+00,  2.5262e-01,
         -2.0682e-01, -5.1268e-01,  4.8731e-01, -2.5762e+00,  9.2035e-01],
        [ 1.0739e+00,  3.9084e-01,  2.3147e+00, -5.3480e-02, -9.7227e-04,
          4.1124e-01,  4.5787e-01, -5.1370e-02, -1.6621e+00,  1.1245e+00],
        [ 6.4415e-01, -6.5130e-01,  1.2761e+00,  1.3729e+00,  6.6537e-03,
          3.7017e-01,  5.7879e-01,  7.7549e-01, -1.4617e+00,  1.0821e+00],
        [ 1.7924e-01, -1.6632e+00,  2.6109e+00, -5.9831e-01, -2.1063e-01,
         -3.1780e-02,  1.0171e+00,  8.3562e-01, -1.1790e+00,  2.6484e-01],
        [ 2.2627e-01, -5.1051e-01,  1.6984e+00,  1.2970e-02,  7.6283e-01,
         -2.8508e-01, -3.1290e-01,  9.1472e-02, -1.3917e+00,  8.7189e-01],
        [ 1.3832e+00, -1.2939e+00,  1.8354e+00, -1.8709e-02,  2.3432e-01,
          4.9733e-01,  1.1711e+00, -2.2243e-01, -1.3801e+00,  3.9913e-01],
        [ 9.6561e-01,  2.1585e-01,  1.5527e+00, -4.2897e-01,  3.3017e-01,
          1.4438e+00,  9.5916e-03,  6.8058e-01, -2.4520e+00,  1.2540e+00],
        [ 4.5804e-01,  1.4704e-03,  3.0482e+00, -7.2055e-01, -9.4312e-01,
         -5.1290e-01,  8.1976e-01,  6.9578e-01, -1.8362e+00,  8.6381e-01],
        [ 9.8814e-01, -5.6265e-01,  1.2926e+00,  1.1566e-01,  2.2229e-01,
          1.0178e-01,  2.7324e-02,  2.9259e-01, -1.4169e+00,  7.2083e-01],
        [ 7.8950e-01, -1.8906e-02,  2.1013e+00,  8.4802e-02, -4.9084e-01,
          1.0084e+00,  6.8526e-01,  3.5683e-01, -2.1821e+00,  1.9900e-01],
        [ 9.7673e-01, -1.0863e+00,  1.3927e+00, -5.3961e-01, -3.4845e-02,
         -8.2732e-02,  4.6255e-01, -2.6370e-01, -9.9123e-01, -1.3268e-01],
        [ 8.9617e-01, -6.7720e-01,  1.9970e+00, -5.0201e-01, -1.2605e-03,
         -6.4035e-01,  6.1768e-01, -3.4469e-01, -1.0104e+00, -2.8876e-01],
        [ 3.7160e-01, -1.4204e+00,  3.2087e+00, -5.7519e-01, -7.2858e-01,
          5.9827e-02,  1.5435e+00, -5.7983e-01, -3.4624e-01,  2.8701e-01],
        [ 1.4719e+00, -8.8210e-01,  2.0207e+00,  9.3974e-01,  9.1350e-01,
          8.3722e-01,  8.9428e-01, -8.7356e-01, -1.5955e+00,  1.8979e-01],
        [ 1.4254e+00, -7.7375e-03,  1.8409e+00, -4.5107e-01,  2.2414e-01,
          1.2130e+00,  4.1386e-01, -4.1458e-01, -9.1413e-01,  1.5634e+00],
        [ 8.4017e-01, -2.1315e-01,  2.5710e+00,  4.3916e-01, -1.8841e-01,
         -4.4743e-01,  3.9836e-01,  8.2271e-01, -2.4198e+00,  4.6369e-01],
        [ 6.4484e-01, -2.7162e-02,  1.1137e+00, -8.7428e-02,  2.3750e-01,
         -1.4672e+00,  4.0261e-01,  1.0557e+00, -2.5241e+00,  3.5162e-01],
        [ 1.0523e+00,  3.3027e-01,  1.8380e+00, -3.6689e-01,  3.6426e-01,
         -1.2202e+00,  4.4689e-01,  2.7278e-01, -2.4966e+00,  5.3591e-01],
        [ 9.1426e-01, -6.1720e-01,  1.5777e+00, -5.4884e-01,  4.5046e-01,
          1.3040e+00, -7.8218e-01,  3.0388e-01, -8.8311e-01,  6.4136e-01],
        [ 1.4896e+00, -7.9310e-01,  1.7478e+00, -1.1342e+00,  2.2520e-01,
          9.9377e-01, -5.0834e-01,  8.3032e-01, -1.5836e+00,  8.3673e-01],
        [ 1.4118e+00, -3.8488e-02,  1.8329e+00, -7.8660e-02, -8.9302e-01,
         -7.5109e-01, -5.1769e-01,  5.7046e-01, -1.4540e+00,  6.3456e-01],
        [ 5.8792e-01, -4.7928e-01,  1.5476e+00,  5.9605e-01,  1.3133e+00,
          5.1775e-01,  1.0463e+00,  7.0154e-01, -1.5822e+00,  8.2464e-01],
        [ 8.0908e-01, -1.0455e+00,  1.9645e+00,  2.3338e-02, -2.0774e-01,
         -2.7705e-01, -3.4204e-01,  8.5472e-01, -1.2732e+00,  8.2702e-01],
        [ 1.5442e+00, -6.0317e-01,  1.7296e+00,  6.3795e-01,  1.2247e+00,
          1.4782e+00,  6.1332e-01,  2.0098e-02, -1.5984e+00, -1.1776e-01]],
       grad_fn=<AddmmBackward0>)
